image_width: 1920
image_height: 1080
camera_name: narrow_stereo
camera_matrix:
  rows: 3
  cols: 3
  data: [1417.10783,    0.     , 1003.10865,
            0.     , 1415.72519,  567.00931,
            0.     ,    0.     ,    1.     ]
distortion_model: plumb_bob
distortion_coefficients:
  rows: 1
  cols: 5
  data: [0.023482, -0.074494, 0.000469, 0.000769, 0.000000]
rectification_matrix:
  rows: 3
  cols: 3
  data: [1., 0., 0.,
         0., 1., 0.,
         0., 0., 1.]
projection_matrix:
  rows: 3
  cols: 4
  data: [1409.13658,    0.     , 1006.62936,    0.     ,
            0.     , 1418.55945,  567.32546,    0.     ,
            0.     ,    0.     ,    1.     ,    0.     ]
